A01,0,0,0,0,14,19,0,12642
A03,0,0,0,0,164,335,4,129594
A04,0,0,0,0,0,0,0,0
A02,0,0,0,0,2,12,0,992
A05,0,0,0,0,5,18,0,7794
B06,0,0,0,0,461,2129,0,17263
B07,0,0,0,0,4,78,0,1532
B08,0,0,0,0,146,656,0,13207
B09,0,0,0,0,0,0,0,0
B11,0,0,0,0,11,21,0,2333
C13,0,0,0,0,622,1693,1,75007
C14,0,0,0,0,24,103,0,2064
B10,0,0,0,0,16,56,0,2638
C15,0,0,0,0,53,137,0,11927
C16,0,0,0,0,0,24,0,423
C17,0,0,0,0,6,23,0,1226
C18,0,0,0,0,1384,3544,1,118667
C19,0,0,0,0,79,96,0,3565
C20,0,0,0,0,132,182,1,9365
C21,0,0,0,0,486,1646,1,51172
C22,0,0,0,0,71,38,0,1057
C24,0,0,0,0,65,427,0,9325
C26,0,0,0,0,0,0,0,0
C23,0,0,0,0,59,59,0,6562
C25,0,0,0,0,73,455,0,2069
C27,0,0,0,0,217,791,2,20674
C28,0,0,0,0,0,0,0,0
C31,0,0,0,0,0,0,0,0
C29,0,0,0,0,298,907,0,24859
C30,0,0,0,0,1002,2676,3,113458
C32,0,0,0,0,551,1639,0,23534
C33,0,0,0,0,81,146,0,3726
C34,0,0,0,0,176,544,0,22455
C35,0,0,0,0,270,744,0,10531
C36,0,0,0,0,0,0,0,0
C37,0,0,0,0,0,0,0,0
C39,0,0,0,0,149,308,0,5420
C40,0,0,0,0,72,209,0,11602
C41,0,0,0,0,24,65,1,5281
C42,0,0,0,0,104,272,1,24147
C43,0,0,0,0,86,146,0,12290
D44,0,0,0,0,44,460,1,9553
D45,0,0,0,0,26,262,0,6015
D46,0,0,0,0,30,217,1,19495
E47,1,0,0,0,2927,15174,2,84324
E48,0,0,0,0,468,2189,0,76995
E49,0,0,0,0,582,1691,2,126834
E50,0,0,0,0,333,1330,5,57149
F51,0,0,0,0,4,22,0,1143
F53,0,0,0,0,83,1652,0,9826
F54,0,0,0,0,0,0,0,0
F52,0,0,0,0,1013,5393,3,110249
F55,0,0,0,0,1,13,0,384
F56,0,0,0,0,0,11,0,253
F57,0,0,0,0,238,943,5,66531
F58,0,0,0,0,15,41,0,7052
F59,1,0,0,0,29,150,2,11842
F60,0,0,0,0,33,362,0,26650
H63,0,0,0,0,228,372,0,67352
H65,0,0,0,0,0,0,0,0
I66,0,0,0,0,427,1262,2,70358
I67,4,0,0,0,500,1343,4,130310
J68,0,0,0,0,14,2774,0,15840
J69,0,0,0,0,9,89,0,6227
J70,0,0,0,0,133,21014,2,15249
J71,1,0,0,0,993,3354,0,36045
K72,2,0,0,0,7472,43538,13,362382
L73,0,0,0,0,0,0,0,0
L74,2,0,0,0,693,3024,12,247874
F61,0,0,0,0,131,475,2,132725
F62,0,0,0,0,28,169,0,15623
M75,0,0,0,0,119,336,1,42954
M76,0,0,0,0,111,298,1,85625
M77,0,0,0,0,215,1165,5,119823
M78,0,0,0,0,3,24,0,2902
N79,0,0,0,0,3,116,0,11861
N80,0,0,0,0,0,0,0,0
N81,0,0,0,0,52,262,0,25177
O82,0,0,0,0,123,609,1,90758
O83,0,0,0,0,103,343,1,46643
P84,0,0,0,0,34,191,0,212870
Q85,0,0,0,0,31,62,0,159233
Q86,0,0,0,0,2,74,0,12888
Q87,0,0,0,0,2,1,0,7308
R88,0,0,0,0,0,1,0,1271
R89,0,0,0,0,17,44,0,10844
R91,0,0,0,0,9,33,1,10177
R92,0,0,0,0,152,553,0,34560
S93,0,0,0,0,0,7,0,14533
S94,0,0,0,0,2,25,0,3051
S95,0,0,0,0,0,0,0,2164
S96,0,0,0,0,1,0,0,24005
R90,1,0,0,0,69,146,0,45779
S97,0,0,0,0,70,870,0,310386
T98,0,0,0,0,0,0,0,15
R903,0,0,0,0,0,2,0,5440
S961,0,0,0,0,0,0,0,12523
S962,0,0,0,0,8,7,0,77665
S942,0,0,0,0,30,2329,0,117684
S943,0,0,0,0,0,0,0,2270
R893,0,0,0,0,14,41,0,6879
R882,3,0,0,0,11,155,0,6285
Q871,0,0,0,0,6,5,0,22246
Q851,0,0,0,0,70,1254,0,26429
P843,0,0,0,0,104,464,0,75804
P844,0,0,0,0,10,47,0,5957
P849,0,0,0,0,84,290,0,82134
O831,1,0,0,0,64,211,3,45051
O832,0,0,0,0,41,116,0,20799
N813,0,0,0,0,38,180,1,11743
N801,0,0,0,0,1,8,0,3094
N802,0,0,0,0,36,190,0,15105
N792,0,0,0,0,1,15,0,11449
M781,0,0,0,0,3,25,0,2239
M767,1,0,0,0,87,509,5,64916
F621,1,0,0,0,150,329,1,55999
L741,0,0,0,0,872,3974,5,187410
L742,0,0,0,0,15,32,0,26952
L743,1,0,0,0,344,1317,5,200615
L749,2,0,0,0,360,1218,2,115450
L731,0,0,0,0,190,890,2,43114
L732,0,0,0,0,5,5,0,1453
H651,9,0,0,0,405,2788,4,127993
H652,0,0,0,0,192,479,1,84720
H653,3,0,0,0,171,554,5,99777
H654,0,0,0,0,105,443,2,55432
H655,1,0,0,0,57,281,2,93674
H656,1,0,0,0,677,2121,2,141863
H657,10,0,0,0,268,743,3,153904
H658,0,0,0,0,325,877,8,129283
H659,0,0,0,0,292,984,5,134998
H631,0,0,0,0,178,665,5,73023
H632,0,0,0,0,540,1214,5,134069
H633,0,0,0,0,662,1605,7,191526
H634,0,0,0,0,169,345,4,48877
H635,0,0,0,0,135,479,2,44545
H636,0,0,0,0,2766,6964,18,532296
H637,0,0,0,0,1267,3464,15,441271
H639,0,0,0,0,566,1280,3,164614
F601,2,0,0,0,18,399,0,12525
F603,0,0,0,0,6,27,0,5962
F551,0,0,0,0,3,45,0,598
F553,0,0,0,0,1,7,0,627
F523,0,0,0,0,39,311,0,15951
F541,0,0,0,0,21,15,0,1257
F542,0,0,0,0,132,507,0,6570
F543,0,0,0,0,55,116,0,3278
F513,0,0,0,0,3,10,0,1223
E472,0,0,0,0,665,3821,3,59588
D441,0,0,0,0,102,416,0,39724
C421,0,0,0,0,337,618,0,46306
C422,0,0,0,0,111,147,0,11481
C411,0,0,0,0,167,482,1,17024
C412,0,0,0,0,22,122,1,5770
C414,0,0,0,0,60,120,0,5290
C415,0,0,0,0,24,70,0,2207
C401,0,0,0,0,59,274,0,7797
C403,0,0,0,0,13,186,0,1973
C404,0,0,0,0,51,200,0,6088
C405,0,0,0,0,139,452,0,10398
C406,0,0,0,0,456,1140,0,31288
C407,0,0,0,0,81,158,0,4233
C391,0,0,0,0,424,545,1,14828
C392,0,0,0,0,496,1647,0,48809
C393,0,0,0,0,246,933,1,21844
C395,0,0,0,0,298,578,0,18631
C396,0,0,0,0,92,207,0,6099
C397,0,0,0,0,402,673,0,21426
C399,0,0,0,0,57,199,1,9582
C371,0,0,0,0,45,123,0,3790
C372,0,0,0,0,1020,2873,1,79268
C373,0,0,0,0,157,592,0,8949
C374,0,0,0,0,107,334,0,6898
C375,0,0,0,0,262,481,0,13846
C376,0,0,0,0,2,18,0,577
C379,0,0,0,0,22,58,0,2825
C361,0,0,0,0,912,1448,0,24491
C362,0,0,0,0,276,968,0,40249
C363,0,0,0,0,27,94,1,4834
C364,0,0,0,0,103,460,0,9187
C365,0,0,0,0,94,303,1,11442
C366,0,0,0,0,105,236,0,11670
C367,0,0,0,0,97,271,0,11067
C368,0,0,0,0,38,128,0,7830
C369,0,0,0,0,244,802,1,26450
C351,0,0,0,0,161,657,0,10206
C352,0,0,0,0,284,1580,0,38542
C354,0,0,0,0,269,892,0,33882
C355,0,0,0,0,328,630,2,16688
C357,0,0,0,0,354,1104,0,37446
C358,0,0,0,0,396,1253,0,79340
C359,0,0,0,0,462,1264,1,34231
C341,0,0,0,0,685,2103,2,65755
C342,0,0,0,0,208,537,1,26498
C343,0,0,0,0,70,289,0,7025
C345,0,0,0,0,229,511,2,24510
C347,0,0,0,0,18,58,0,1671
C348,0,0,0,0,158,323,0,19659
C349,0,0,0,0,146,513,0,29126
C331,0,0,0,0,111,475,2,8149
C332,0,0,0,0,12,39,0,1043
C333,0,0,0,0,25,45,0,1674
C335,0,0,0,0,284,541,0,15153
C308,0,0,0,0,115,244,0,16810
C291,0,0,0,0,73,258,0,2558
C311,0,0,0,0,208,1195,1,17433
C312,0,0,0,0,553,3049,0,57626
C313,0,0,0,0,611,1982,2,112096
C314,0,0,0,0,386,988,0,21814
C315,0,0,0,0,79,383,0,12735
C316,0,0,0,0,111,389,0,13766
C319,0,0,0,0,174,465,0,17420
C281,0,0,0,0,17,49,0,1227
C282,0,0,0,0,168,329,0,5143
C251,0,0,0,0,96,247,1,5907
C231,0,0,0,0,659,1471,1,60741
C261,0,0,0,0,463,925,0,20141
C262,0,0,0,0,167,637,0,12835
C263,0,0,0,0,43,161,0,3091
C264,0,0,0,0,154,526,1,21326
C265,0,0,0,0,76,397,0,8918
C266,0,0,0,0,287,1091,2,40885
C267,0,0,0,0,93,225,0,11589
C241,0,0,0,0,95,105,0,7816
C242,0,0,0,0,73,153,0,6797
C243,0,0,0,0,12,21,0,1911
C245,0,0,0,0,13,24,0,1256
C222,0,0,0,0,403,751,1,14633
C223,0,0,0,0,422,1318,1,47972
C201,0,0,0,0,163,204,0,25980
C202,0,0,0,0,430,509,0,22493
C203,0,0,0,0,155,384,1,20332
C192,0,0,0,0,628,1078,0,37285
C193,0,0,0,0,32,40,0,4892
C194,0,0,0,0,15,42,0,2288
C171,0,0,0,0,772,3448,0,55465
C172,0,0,0,0,94,196,0,6474
C174,0,0,0,0,138,427,1,8789
C175,0,0,0,0,317,874,1,36619
C176,0,0,0,0,433,1072,1,40492
C152,0,0,0,0,160,525,2,15921
C153,0,0,0,0,146,268,0,14837
B101,0,0,0,0,134,450,1,46781
B109,0,0,0,0,16,57,0,5736
C141,0,0,0,0,105,226,0,13864
C142,0,0,0,0,45,124,0,5478
C143,0,0,0,0,98,244,1,8608
C145,0,0,0,0,74,298,1,3659
C146,0,0,0,0,64,167,0,7808
C149,0,0,0,0,106,243,0,12663
C135,0,0,0,0,205,635,3,19653
C136,0,0,0,0,170,320,1,10936
C139,0,0,0,0,172,368,0,18144
B091,0,0,0,0,33,131,0,6271
B092,0,0,0,0,8,43,0,1656
B093,0,0,0,0,9,25,0,1045
A051,0,0,0,0,60,100,0,43314
A053,0,0,0,0,9,12,0,11882
A021,0,0,0,0,75,126,1,38229
A022,0,0,0,0,5,5,0,997
A041,0,0,0,0,10,39,0,8165
A042,0,0,0,0,27,52,1,27203
A011,0,0,0,0,96,113,0,48053
A012,0,0,0,0,236,341,2,71314
A013,0,0,0,0,41,66,1,54802
