A01,0,0,0,0,14,20,1,12642
A03,0,0,0,0,71,416,4,129581
A04,0,0,0,0,0,0,0,0
A02,0,0,0,0,0,4,0,992
A05,0,0,0,0,4,17,0,7794
B06,0,0,0,0,307,2412,2,17262
B07,0,0,0,0,0,51,0,1532
B08,0,0,0,0,43,671,1,13206
B09,0,0,0,0,0,0,0,0
B11,0,0,0,0,6,22,0,2333
C13,0,0,0,0,344,2667,4,74999
C14,0,0,0,0,26,153,0,2064
B10,0,0,0,0,7,102,0,2637
C15,0,0,0,0,67,452,4,11927
C16,0,0,0,0,0,47,0,423
C17,0,0,0,0,8,46,1,1226
C18,3,0,0,0,976,6039,4,118664
C19,0,0,0,0,16,145,0,3565
C20,0,0,0,0,117,344,0,9363
C21,0,0,0,0,675,2701,3,51168
C22,0,0,0,0,10,190,0,1057
C24,0,0,0,0,71,468,0,9323
C26,0,0,0,0,0,0,0,0
C23,0,0,0,0,75,84,1,6562
C25,0,0,0,0,30,357,0,2069
C27,1,0,0,0,168,1150,1,20671
C28,0,0,0,0,0,0,0,0
C31,0,0,0,0,0,0,0,0
C29,0,0,0,0,145,1038,1,24859
C30,0,0,0,0,588,3915,2,113450
C32,0,0,0,0,426,3243,0,23533
C33,0,0,0,0,34,191,0,3725
C34,0,0,0,0,88,1120,0,22454
C35,0,0,0,0,91,855,0,10531
C36,0,0,0,0,0,0,0,0
C37,0,0,0,0,0,0,0,0
C39,0,0,0,0,111,683,1,5419
C40,0,0,0,0,49,364,1,11600
C41,0,0,0,0,14,118,0,5279
C42,0,0,0,0,64,653,0,24145
C43,0,0,0,0,56,231,0,12290
D44,2,0,0,0,20,592,0,9550
D45,0,0,0,0,16,183,1,6015
D46,0,0,0,0,31,298,1,19493
E47,0,0,0,0,2120,19869,3,84318
E48,1,0,0,0,271,2723,3,76991
E49,2,0,0,0,388,2815,4,126817
E50,0,0,0,0,232,1531,2,57137
F51,0,0,0,0,0,36,0,1143
F53,0,0,0,0,38,2340,0,9826
F54,0,0,0,0,0,0,0,0
F52,1,0,0,0,897,7673,3,110232
F55,0,0,0,0,0,5,0,384
F56,0,0,0,0,2,11,0,253
F57,0,0,0,0,206,1393,2,66521
F58,0,0,0,0,6,47,0,7048
F59,0,0,0,0,17,257,0,11840
F60,2,0,0,0,42,273,2,26647
H63,4,0,0,0,158,673,0,67347
H65,0,0,0,0,0,0,0,0
I66,1,0,0,0,352,2336,4,70351
I67,6,0,0,0,509,2817,6,130296
J68,0,0,0,0,19,11514,0,15840
J69,0,0,0,0,9,80,0,6226
J70,0,0,0,0,74,27243,0,15244
J71,3,0,0,0,621,6352,1,36043
K72,18,0,0,0,5292,60015,9,362348
L73,0,0,0,0,0,0,0,0
L74,11,0,0,0,465,3486,12,247838
F61,0,0,0,0,82,548,2,132715
F62,0,0,0,0,35,204,0,15620
M75,1,0,0,0,98,410,1,42950
M76,3,0,0,0,75,560,6,85621
M77,2,0,0,0,125,884,4,119811
M78,0,0,0,0,0,10,0,2901
N79,0,0,0,0,3,23,0,11861
N80,0,0,0,0,0,0,0,0
N81,0,0,0,0,38,350,0,25173
O82,3,0,0,0,146,784,0,90753
O83,0,0,0,0,49,466,3,46634
P84,0,0,0,0,27,292,0,212870
Q85,1,0,0,0,24,213,1,159233
Q86,0,0,0,0,1,67,0,12888
Q87,0,0,0,0,0,3,0,7308
R88,0,0,0,0,0,2,0,1271
R89,0,0,0,0,26,120,0,10844
R91,0,0,0,0,15,54,1,10176
R92,0,0,0,0,267,1380,2,34557
S93,0,0,0,0,0,8,0,14533
S94,0,0,0,0,1,24,0,3051
S95,0,0,0,0,0,0,0,2164
S96,0,0,0,0,1,0,0,24005
R90,1,0,0,0,32,179,2,45778
S97,0,0,0,0,31,813,0,310386
T98,0,0,0,0,0,0,0,15
R903,0,0,0,0,1,0,0,5440
S961,0,0,0,0,0,0,0,12523
S962,0,0,0,0,1,4,0,77665
S942,0,0,0,0,20,3241,0,117684
S943,0,0,0,0,0,0,0,2270
R893,0,0,0,0,8,90,0,6879
R882,3,0,0,0,17,127,0,6284
Q871,0,0,0,0,5,16,0,22246
Q851,3,0,0,0,45,1940,1,26428
P843,0,0,0,0,63,642,0,75804
P844,0,0,0,0,18,80,0,5957
P849,0,0,0,0,65,573,0,82133
O831,0,0,0,0,53,420,2,45044
O832,0,0,0,0,27,289,2,20798
N813,0,0,0,0,53,212,0,11742
N801,0,0,0,0,0,17,0,3094
N802,0,0,0,0,66,173,0,15105
N792,0,0,0,0,3,25,0,11449
M781,0,0,0,0,1,20,0,2239
M767,1,0,0,0,58,639,1,64900
F621,2,0,0,0,95,693,2,55989
L741,2,0,0,0,645,4870,6,187397
L742,0,0,0,0,27,44,0,26951
L743,2,0,0,0,259,1409,8,200596
L749,1,0,0,0,411,1911,2,115436
L731,0,0,0,0,160,1490,1,43109
L732,0,0,0,0,0,6,0,1453
H651,16,0,0,0,197,2879,9,127973
H652,6,0,0,0,104,678,7,84715
H653,15,0,0,0,160,1129,4,99767
H654,3,0,0,0,67,393,2,55426
H655,0,0,0,0,47,303,6,93667
H656,4,0,0,0,390,3579,6,141846
H657,91,0,0,0,172,990,5,153891
H658,1,0,0,0,173,1211,4,129261
H659,11,0,0,0,181,1239,5,134984
H631,0,0,0,0,112,749,0,73016
H632,6,0,0,0,249,1929,4,134056
H633,10,0,0,0,563,3205,6,191507
H634,1,0,0,0,115,588,1,48864
H635,0,0,0,0,76,719,4,44539
H636,2,0,0,0,2691,11463,18,532260
H637,14,0,0,0,826,5407,15,441227
H639,2,0,0,0,242,1489,2,164605
F601,1,0,0,0,4,706,0,12525
F603,0,0,0,0,4,85,0,5962
F551,0,0,0,0,0,41,0,598
F553,0,0,0,0,1,11,0,627
F523,1,0,0,0,25,527,1,15951
F541,0,0,0,0,14,38,0,1257
F542,0,0,0,0,124,789,0,6570
F543,0,0,0,0,39,232,0,3278
F513,0,0,0,0,1,19,0,1223
E472,0,0,0,0,373,4855,4,59580
D441,0,0,0,0,75,1550,1,39719
C421,0,0,0,0,202,1210,1,46304
C422,1,0,0,0,44,335,0,11481
C411,1,0,0,0,48,555,0,17022
C412,0,0,0,0,11,142,0,5769
C414,0,0,0,0,79,227,0,5290
C415,0,0,0,0,8,80,0,2207
C401,0,0,0,0,94,546,0,7797
C403,0,0,0,0,21,109,0,1973
C404,0,0,0,0,24,577,0,6087
C405,1,0,0,0,107,899,0,10398
C406,0,0,0,0,137,1585,0,31285
C407,0,0,0,0,34,398,1,4233
C391,0,0,0,0,127,880,1,14826
C392,0,0,0,0,225,2251,0,48809
C393,0,0,0,0,182,2782,1,21842
C395,0,0,0,0,284,1156,0,18631
C396,0,0,0,0,65,295,2,6099
C397,0,0,0,0,301,1254,2,21426
C399,0,0,0,0,49,279,0,9581
C371,1,0,0,0,16,262,0,3790
C372,0,0,0,0,580,4147,3,79264
C373,0,0,0,0,279,531,0,8949
C374,0,0,0,0,73,475,1,6898
C375,0,0,0,0,215,833,0,13846
C376,0,0,0,0,10,38,0,577
C379,0,0,0,0,13,84,0,2825
C361,0,0,0,0,123,1628,0,24487
C362,1,0,0,0,222,1525,0,40248
C363,0,0,0,0,22,174,1,4832
C364,0,0,0,0,33,484,0,9187
C365,0,0,0,0,117,569,1,11441
C366,0,0,0,0,42,322,0,11670
C367,0,0,0,0,111,413,0,11066
C368,2,0,0,0,41,197,0,7830
C369,0,0,0,0,128,1025,2,26448
C351,0,0,0,0,76,750,0,10204
C352,0,0,0,0,180,1367,0,38541
C354,1,0,0,0,223,1427,0,33881
C355,0,0,0,0,200,1076,0,16684
C357,0,0,0,0,418,1522,0,37446
C358,0,0,0,0,298,1823,0,79338
C359,0,0,0,0,282,2196,0,34230
C341,1,0,0,0,793,3193,4,65751
C342,0,0,0,0,118,784,0,26497
C343,0,0,0,0,48,325,0,7024
C345,0,0,0,0,154,1120,1,24508
C347,0,0,0,0,27,88,0,1671
C348,0,0,0,0,169,676,0,19657
C349,0,0,0,0,74,873,0,29124
C331,0,0,0,0,80,684,0,8147
C332,0,0,0,0,4,105,0,1043
C333,0,0,0,0,8,104,0,1674
C335,0,0,0,0,136,1053,0,15151
C308,0,0,0,0,104,511,0,16810
C291,0,0,0,0,28,324,0,2557
C311,0,0,0,0,171,1425,0,17432
C312,0,0,0,0,330,3823,1,57624
C313,0,0,0,0,315,2820,3,112088
C314,0,0,0,0,194,1390,1,21813
C315,0,0,0,0,47,408,0,12732
C316,0,0,0,0,25,376,2,13766
C319,0,0,0,0,59,587,1,17419
C281,0,0,0,0,11,50,0,1227
C282,0,0,0,0,173,635,0,5143
C251,1,0,0,0,29,291,0,5906
C231,0,0,0,0,323,1870,3,60738
C261,1,0,0,0,200,1543,1,20139
C262,0,0,0,0,156,679,0,12832
C263,0,0,0,0,33,259,0,3091
C264,0,0,0,0,96,863,0,21323
C265,0,0,0,0,59,471,0,8917
C266,0,0,0,0,252,1655,0,40881
C267,1,0,0,0,43,298,0,11588
C241,0,0,0,0,98,443,0,7816
C242,0,0,0,0,91,299,0,6797
C243,0,0,0,0,11,28,0,1911
C245,0,0,0,0,12,33,0,1256
C222,0,0,0,0,269,1799,0,14629
C223,1,0,0,0,434,2169,1,47971
C201,0,0,0,0,54,218,2,25980
C202,0,0,0,0,345,1094,3,22491
C203,0,0,0,0,150,733,1,20329
C192,0,0,0,0,422,2852,0,37285
C193,0,0,0,0,10,194,0,4892
C194,0,0,0,0,9,244,0,2288
C171,0,0,0,0,610,3926,3,55464
C172,0,0,0,0,59,464,0,6474
C174,0,0,0,0,47,928,0,8788
C175,1,0,0,0,426,1194,1,36618
C176,1,0,0,0,350,2345,0,40490
C152,0,0,0,0,81,671,1,15918
C153,0,0,0,0,63,437,0,14834
B101,0,0,0,0,95,554,3,46777
B109,0,0,0,0,15,112,0,5735
C141,0,0,0,0,114,428,2,13863
C142,0,0,0,0,8,132,0,5475
C143,0,0,0,0,42,258,1,8607
C145,0,0,0,0,76,324,1,3656
C146,0,0,0,0,34,275,0,7807
C149,0,0,0,0,70,438,2,12663
C135,1,0,0,0,92,874,4,19647
C136,0,0,0,0,182,1092,1,10935
C139,0,0,0,0,98,482,3,18144
B091,0,0,0,0,6,201,0,6270
B092,0,0,0,0,6,40,0,1655
B093,0,0,0,0,2,23,0,1045
A051,0,0,0,0,23,163,1,43310
A053,0,0,0,0,0,17,0,11882
A021,0,0,0,0,33,176,1,38224
A022,0,0,0,0,1,13,0,997
A041,0,0,0,0,9,110,0,8165
A042,0,0,0,0,21,61,0,27199
A011,0,0,0,0,18,141,0,48051
A012,0,0,0,0,85,471,2,71311
A013,0,0,0,0,24,279,2,54799
