6	2	1000
13.869780
21.063644
21.798161
39.702726
37.465329
32.997046
50.910755
11.035048
36.143251
17.228198
25.200436
17.723981
38.231984
15.536209
44.545750
59.768329
20.723875
21.678849
24.371801
13.549730
21.771846
25.915682
22.419534
14.644629
26.595603
38.798287
36.780441
32.923193
38.940578
23.256211
52.209020
40.298833
40.267342
38.975238
37.765953
22.486479
31.152167
10.351641
36.699235
39.490856
21.046547
16.127757
12.897626
47.803673
25.684901
29.918266
19.729459
38.198580
35.203722
20.309930
41.615051
32.542154
12.728389
13.943320
49.852383
51.332290
33.026971
38.639531
45.483537
46.116248
43.862652
42.755118
27.302037
23.391780
43.758821
11.949952
21.439115
37.316950
21.754783
14.640239
36.466325
35.538193
19.096159
42.760074
30.172947
42.071967
43.912275
39.194067
20.920678
15.812562
44.733634
21.353462
40.779983
33.004564
26.841917
20.836325
20.313042
21.908338
34.913643
13.668539
50.530833
38.877187
42.228110
42.165791
19.871777
15.592201
3.771533
35.508967
38.507790
25.608010
16.241580
21.648148
45.231985
20.189476
41.732755
45.859658
45.031193
36.332083
22.739015
49.169637
15.321981
16.065554
27.651702
12.195934
20.904097
22.813321
21.420822
52.115129
46.025929
24.618497
34.350568
19.824474
6.707106
44.909235
34.402422
46.300890
41.990652
16.005644
6.538443
16.638905
39.623196
39.384727
43.622765
38.695437
17.350464
38.016846
39.729781
22.155869
12.690423
17.505895
18.741184
40.531266
16.001369
20.998921
33.630713
21.592527
8.656584
24.368526
22.233457
43.220136
21.733539
40.478577
6.951923
37.239987
29.967872
38.877775
36.532221
14.175830
28.140910
32.387869
18.363569
37.359880
36.279037
39.490624
15.060632
38.640615
48.301663
16.678979
28.023296
23.373222
43.095467
23.026697
39.468509
43.268258
16.643225
11.441929
12.118028
33.669753
21.160340
47.301948
13.243638
40.215780
44.170779
23.725949
31.406730
50.966284
33.586930
19.536581
49.858976
19.688239
38.011811
16.862056
37.870584
48.319857
44.209351
18.175541
14.221482
19.912250
39.135445
42.588734
22.120793
44.548544
10.942456
31.620032
12.738179
21.445069
37.160253
24.635153
22.003079
34.658330
39.596984
22.147828
24.048181
27.793797
26.861954
39.674157
28.671167
32.886817
44.116875
50.721619
9.699131
50.490087
24.186424
37.499498
17.811650
13.839929
23.319240
32.464218
23.220043
26.122582
51.006072
21.775618
34.915353
14.977022
21.509272
17.223012
39.235410
22.017853
46.649971
23.381058
38.665311
34.658250
33.668403
28.962015
23.384802
20.757558
22.811396
43.268989
38.960402
39.096041
40.175795
36.137232
34.092314
41.885038
42.049100
37.964644
45.290272
43.013644
6.317813
41.643057
28.900794
15.952098
26.942712
46.204798
53.182566
44.320363
13.044094
11.861691
38.004244
39.733083
12.904841
23.837697
34.508817
21.803106
36.013231
31.302773
38.742023
47.538461
11.955636
21.452725
46.311225
26.837402
27.474879
24.124797
38.762538
36.611394
18.466444
23.343338
15.967676
8.917340
42.579755
14.701435
22.662330
17.699659
14.578596
20.488216
34.432268
13.265998
42.615734
44.114114
32.757283
15.092412
17.356309
51.186052
29.890062
21.731815
21.759279
41.211101
44.861090
23.629032
42.630328
32.793808
14.175426
18.949009
17.498985
20.148022
37.109268
21.627804
33.523647
20.877150
18.931922
12.656522
40.691019
22.460035
25.447332
28.154909
20.142468
31.100355
18.333779
42.273423
41.058672
10.351101
15.416067
37.189449
28.562762
11.730642
7.890766
12.817633
16.328124
18.227309
44.832273
50.787317
21.302038
20.603198
32.548063
20.602158
37.368291
36.348044
29.857716
23.436182
32.096113
26.945055
28.139967
21.100889
40.226193
27.253696
21.394775
26.511365
17.410191
31.196864
29.423763
21.805054
26.341182
18.424164
41.020044
42.167278
38.170085
26.800787
15.716704
21.233693
41.015122
23.723015
37.764668
47.488543
18.405624
20.921230
11.786478
26.730990
11.271381
41.897768
14.013354
35.942270
19.320886
29.972191
45.089422
20.379603
46.831350
28.621984
41.372189
47.520961
41.627329
44.513199
41.239002
47.362813
35.194088
27.281296
14.480800
37.556582
40.957710
30.172692
50.041192
50.079144
46.942784
21.249028
12.507176
16.680300
23.213775
17.775453
20.301821
24.462220
41.839009
39.656665
40.535767
15.235602
40.817317
19.560273
16.201407
20.132205
15.403791
41.205213
49.982789
40.070827
10.951341
49.554323
30.175375
22.762679
9.248674
43.931663
24.627083
40.846567
34.481591
9.032754
40.343885
37.309758
42.434394
10.489075
11.346970
43.026175
40.971866
35.040675
42.009726
23.949856
48.135591
35.789636
47.679402
48.471763
22.137190
27.035291
36.478383
31.876610
40.314304
45.879738
27.992339
10.412973
16.289353
28.403284
41.505753
9.809287
42.460363
23.096254
13.838928
21.112038
21.411993
25.083687
43.601046
22.383108
34.754708
23.896457
6.254440
50.414913
16.822329
15.864775
11.274926
18.299688
45.232063
18.774137
43.169463
14.380479
42.395368
15.920670
17.803928
30.164983
20.124310
44.130863
53.758163
35.805013
44.452725
35.017700
18.832503
24.059011
40.505957
44.979176
45.588608
21.841595
39.295117
36.684470
27.637913
40.028006
35.048794
30.270531
43.276160
17.129418
18.065750
16.558261
33.806425
20.261643
25.343599
35.612782
38.736600
32.909368
41.189985
12.021964
28.561803
37.714064
15.888464
49.072559
38.955372
14.061996
22.293457
13.867848
24.631112
28.484252
41.117366
40.255833
41.950750
18.651024
39.321378
25.403392
11.775630
19.934850
16.708649
46.536102
22.108741
13.473691
46.319579
17.294758
11.387143
45.183264
41.549176
27.627993
18.765503
15.788573
21.633798
33.815203
11.158262
43.260172
18.725508
16.945322
47.008144
37.849618
20.051644
47.793839
26.084075
44.966634
38.644474
21.153454
39.881312
40.444787
16.589863
25.770823
31.967257
33.660370
47.228781
46.032343
23.767915
39.385952
11.553597
35.112056
36.482235
46.851272
41.639138
32.386591
26.148271
44.435855
33.601905
21.452935
42.772997
21.639472
39.003616
41.231276
38.672634
28.173783
19.563652
15.629786
15.774998
12.088648
41.984993
16.783136
39.995800
32.053422
39.645998
27.363021
39.922095
47.755254
39.766116
32.460689
18.750657
20.748117
46.155080
25.469076
33.995758
19.933690
43.681298
17.481864
11.513152
17.115008
40.274951
23.989941
41.566721
39.065999
9.667391
46.635896
46.182715
35.878082
52.349997
15.278868
48.049863
39.206239
8.812113
12.873346
40.839173
29.246862
15.211811
37.864189
16.806817
33.362273
37.600316
20.914997
21.095136
38.047976
23.926664
22.540114
34.309111
18.669400
34.570772
24.432483
41.455401
45.420003
50.939761
9.485828
37.508111
20.241840
23.505438
45.499532
44.695869
9.969290
42.018148
8.287874
46.882189
16.304981
44.170000
19.473256
36.881595
36.478847
18.120102
35.005926
16.168451
26.511256
15.715602
13.652992
23.314361
32.704660
17.098033
13.375190
21.142244
26.192661
41.863289
22.960461
24.218026
23.029860
43.658307
6.738718
52.174963
19.051256
39.524156
26.976473
45.490735
18.412552
17.706399
17.861723
43.369328
15.035147
41.939127
39.221326
42.040555
39.383655
37.698051
42.543567
44.195899
40.645985
17.388801
25.720443
37.256995
14.442129
16.015758
44.340234
29.684531
22.908963
21.770483
30.754075
39.474124
22.905309
42.614495
46.907078
13.853407
23.558224
28.736757
17.556138
29.072328
15.925693
38.297435
42.537997
26.808265
13.207093
22.395797
37.074584
21.848069
20.213380
14.162017
38.333883
43.651807
22.375196
45.604476
4.365195
26.804615
15.729252
25.777234
17.773227
25.952150
46.611267
20.704592
17.715411
36.129444
43.955522
41.100607
42.170573
41.754644
13.648887
16.357779
31.793901
18.525729
29.076356
15.639403
46.216365
30.724776
38.143108
44.504024
17.797643
13.127291
24.808097
16.854843
38.574685
22.276390
40.879742
38.949897
33.025599
27.205481
46.602294
16.614247
37.351550
46.998469
15.049957
22.003631
41.583704
36.065860
17.819484
21.540909
25.977387
39.013786
20.617741
26.652784
17.224517
23.606496
22.911523
37.373092
34.015773
41.847861
42.378297
18.228928
38.893422
38.786233
21.175062
43.261443
19.140461
27.277403
40.997441
42.160169
18.705025
22.714708
23.649030
33.542706
30.242918
44.523062
28.152743
23.236028
21.951117
42.009973
40.237129
31.624241
22.441063
18.828869
16.297526
39.545375
19.868825
50.170712
47.555176
9.368448
39.972488
41.195847
22.102462
8.939637
17.386205
19.272615
25.876494
40.680809
6.606332
42.812212
26.736311
19.743552
41.361537
37.116165
23.224423
20.355621
39.873521
30.336249
14.403806
11.657940
46.736838
29.380649
48.554538
14.349578
19.674601
39.286457
35.136434
38.607617
23.563478
47.720428
45.823393
22.560008
51.563382
30.615065
34.116808
33.183051
12.614983
7.823225
35.354811
10.617302
12.212248
16.882961
42.590010
35.194907
39.332338
41.157186
24.689365
22.631886
17.997071
46.159341
32.392397
38.019166
32.558207
30.464823
39.005674
38.073897
24.019679
51.883692
24.413496
30.000905
34.426712
35.509639
25.474057
35.371348
27.433667
38.725039
41.193199
32.035830
48.574576
8.350267
4.705392
35.547313
41.032774
32.121855
20.347343
36.665674
19.485245
25.675181
29.259296
16.908338
24.376664
26.927738
26.823909
44.151896
4.279701
17.134030
39.881791
10.896311
47.651352
7.293014
35.839424
18.909289
19.643661
48.502435
51.845239
37.480616
20.261722
12.941188
23.684153
31.935107
40.976253
41.442642
14.405681
34.068184
28.508679
24.617356
17.621880
12.529362
41.742187
42.717688
37.647553
9.779037
30.068269
15.615652
24.762512
27.935096
16.399998
21.819525
26.864153
23.264962
41.480786
40.126668
29.066472
19.862437
21.612351
31.071712
5.905467
31.397884
31.729938
18.860372
20.102562
32.329564
18.398090
13.098009
35.846392
48.541022
21.873239
42.208505
53.966666
30.713822
44.546131
20.215469
43.152172
11.933463
36.801791
9.452565
18.393163
42.625063
55.078954
29.308088
40.830182
34.237919
51.412901
30.161391
34.391889
43.651034
30.514943
25.164012
18.523577
20.207272
21.998169
48.128555
23.914723
34.145950
40.975049
44.330972
21.945840
34.411428
42.934101
49.860859
51.074407
37.036319
42.029543
27.781037
22.132994
53.243334
22.182608
47.737093
15.495780
35.621208
19.551804
10.714151
11.293640
41.620711
18.801239
23.196198
24.012359
13.112907
41.577284
21.716823
23.850062
38.089633
30.693062
